ID	R	G	B
1	3.0480	1.1590	3.3680
2	0.3812	0.5436	2.4638
3	0.5449	0.6367	2.7869
4	0.4582	0.5556	2.3611
5	0.7981	0.8416	3.3333
6	1.0828	1.0493	4.1463
7	0.4971	0.6693	2.9825
8	0.4971	0.6693	2.9825
9	0.5036	0.6195	2.7723
10	0.3226	0.5147	2.4779
11	0.4861	0.7016	3.2558
12	0.4575	0.6422	3.0108
13	0.4575	0.6422	3.0108
14	2.45	0.9545	3.0625
15	2.625	1.0138	3.2667
16	3.1957	1.225	3.973
17	0.4575	0.6422	3.0108
18	2.194	0.8212	2.5789
19	2.7222	1.0352	3.3409
20	2.6726	1.028	3.2667
21	0.4575	0.6422	3.0108
22	0.4575	0.6422	3.0108
23	3.375	1.3107	4.3548
24	0.4575	0.6422	3.0108
25	3.4615	1.35	4.6552
26	3.5526	1.3776	4.3548
27	3.1395	1.2857	4.3548
28	3.2143	1.2857	4.3548
29	3.4615	1.3636	4.6552
30	3	1.2273	4.2188
31	3.8378	1.4947	5.0714
32	4.2821	1.7216	5.9643
33	3.34	1.3917	4.7714
34	4.0732	1.6869	5.9643
35	4.7315	1.8601	6.1572
36	3.9167	1.5243	5.2222
37	3.414	1.3545	4.5484
38	3.525	1.3756	4.5484
39	2.9079	1.1488	3.8611
40	3.9762	1.5607	5.3871
41	3.2326	1.2301	4.6333
42	3.1591	1.2991	4.3711
43	4.0282	1.5978	5.5
44	4.6053	1.9231	6.7308
45	4.375	1.7677	6.25
46	3.5532	1.4779	5.2188
47	3.7838	1.5217	5.0909
48	2.9298	1.1929	4.175
49	3.4146	1.3592	4.5161
50	3.3019	1.3359	4.6053
51	4.0732	1.7041	5.9643
52	3.7955	1.5755	5.3871
53	2.8793	1.2652	4.3947
54	3.7955	1.5463	5.3871
55	3.9706	1.5169	5.1923
56	2.7	1.063	3.5526
57	3.375	1.3366	4.5
58	3.2143	1.25	4.2188
59	3.6304	1.4911	5.2188
60	3.75	1.4835	5
61	3.9706	1.5882	5.4
62	3.2143	1.2617	4.2188
63	2.76	1.1405	3.8333
64	2.0597	0.8118	2.6538
65	2.0294	0.8364	2.8163
66	2.3	0.9324	3.0667
67	2.2933	0.86	2.8082
68	3.694	1.4944	5.1154
69	4.3434	1.7821	6.0435
70	4.5667	1.7125	5.48
71	3.186	1.3431	4.4194
72	2.5273	1.062	3.5641
73	2.78	1.1583	3.9714
74	3.325	1.4	4.75
75	3	1.2162	4.0909
76	4.0294	1.631	5.48
77	5.7826	2.2542	7.8235
78	3.0217	1.2193	4.0882
79	5.1481	2.0145	6.95
80	3.349	1.3689	4.7
81	4.3548	1.8	6.1363
82	5.423	2.0735	7.05
83	3.9718	1.5754	5.2222
84	4.2727	1.7625	5.875
85	0.4575	0.6422	3.0108
86	0.4575	0.6422	3.0108
87	0.4575	0.6422	3.0108
88	0.4575	0.6422	3.0108
89	0.4575	0.6422	3.0108
90	0.4575	0.6422	3.0108
91	0.4575	0.6422	3.0108
92	0.4575	0.6422	3.0108
93	0.4575	0.6422	3.0108
94	0.4575	0.6422	3.0108
95	0.4575	0.6422	3.0108
96	0.4575	0.6422	3.0108
97	0.4575	0.6422	3.0108
98	0.4575	0.6422	3.0108
99	0.4575	0.6422	3.0108
100	3.0064	1.2504	3.5325
101	3.186	1.37	4.0294
102	3.9167	1.6207	4.8621
103	3.9706	1.6667	4.8214
104	2.6471	1.1538	3.375
105	3.6053	1.5307	4.4918
106	3.8028	1.6071	4.8214
107	4.0303	1.7051	4.9259
108	3.5	1.4911	4.375
109	2.7755	1.1982	3.4872
110	3.5325	1.4703	4.3175
111	0.4575	0.6422	3.0108
112	2.8936	1.2143	3.4872
113	2.2667	0.9544	2.7474
114	3.6757	1.5814	4.6897
115	2.1724	0.9474	2.7391
116	2.8333	1.1775	3.4
117	3.6522	1.5181	4.5
118	2.625	1.1667	3.4054
119	2.625	1.1053	3.2308
120	2.4615	1.016	3
121	2.6667	1.1361	3.3103
122	2.3415	1	2.9091
123	2.625	1.1351	3.36
124	2.7429	1.1163	3.3103
125	2.3818	1.0155	2.9773
126	0.4575	0.6422	3.0108
127	2.2909	1.008	2.9647
128	1.9592	0.8348	2.4615
129	0.4575	0.6422	3.0108
130	2.8305	1.2014	3.5532
131	3.1667	1.3367	3.9118
132	3.8571	1.5341	4.5
133	3.6901	1.5144	4.3667
134	4.0303	1.7051	5.1154
135	3.8529	1.6582	3.9434
136	4.4262	1.7881	5.1923
137	3.2439	1.3434	3.9118
138	3.0682	1.2981	3.75
139	3.0682	1.2981	3.8571
140	3.1395	1.2981	3.8571
141	4.5135	1.9419	5.7586
142	0.4575	0.6422	3.0108
143	3.6579	1.5795	4.6333
144	3.6579	1.5795	4.6333
145	2.3966	1.053	3.0217
146	2.3966	1.0611	3.0889
147	0.4575	0.6422	3.0108
148	3.1064	1.3774	4.0556
149	3.3902	1.5109	4.3438
150	2.2326	1.007	2.9388
151	2.6	1.1172	3.25
152	2.3966	1.053	3.0217
153	2.8627	1.292	3.7436
154	2.3966	1.0611	3.0889
155	2.6071	1.1406	3.2444
156	2.9796	1.292	3.7436
157	2.6071	1.1496	3.3953
158	2.7037	1.2373	3.65
159	2.7547	1.2586	3.65
160	2.4333	1.0735	3.0163
161	2	0.869	2.5172
162	2.3548	1.0355	2.9796
163	2.7547	1.2167	3.561
164	2.5536	1.1172	3.25
165	2.7547	1.2373	3.561
166	3.4762	1.5052	4.4242
167	2.6923	1.157	3.4146
168	2.8571	1.25	3.6842
169	2.9167	1.25	3.6842
170	2.9167	1.2727	3.7838
171	2.4561	1.1111	3.1818
172	2.3729	1.0687	3.1111
173	2.2222	0.979	2.8571
174	3.1087	1.3241	3.8649
175	2.7451	1.2174	3.5897
176	2.0895	0.9396	2.7451
177	2.5536	1.0752	3.1087
178	4.8276	1.9178	5.8333
179	2.9787	1.1966	3.5
180	0.4575	0.6422	3.0108
181	2.7451	1.1024	3.2558
182	2.1538	0.8696	2.5455
183	3.5897	1.4433	4.321
184	2.8181	1.1567	3.3696
185	2.5	1.0065	2.9808
186	2.562	1.0727	3.1633
187	2.6842	1.0929	3.2553
188	2.9423	1.1591	3.4
189	0.4575	0.6422	3.0108
190	3.2766	1.3051	3.85
191	3.5227	1.422	4.1892
192	3.3696	1.3248	3.875
193	4.0789	1.6146	4.697
194	3.1	1.2302	3.6047
195	3.5227	1.3964	4.1892
196	3.5227	1.4352	4.3056
197	2.55	1.0616	3.1224
198	2.9057	1.1846	3.5
199	2.5852	1.0656	3.1727
200	3.0196	1.1667	3.3478
201	2.9808	1.3025	3.8177
202	3.9743	1.6146	4.6967
203	2.2464	0.9568	2.8182
204	3.1878	1.3041	3.877
205	2.638	1.0711	3.2375
206	2.3856	0.9701	2.8387
207	3.0406	1.2491	3.7408
208	3.3917	1.4104	4.1897
209	3.1406	1.3048	3.8145
210	3.5874	1.4151	4.1853
211	2.9621	1.1861	3.4671
212	3.0277	1.2482	3.6865
213	2.8714	1.1938	3.5556
214	3.7404	1.5989	4.8022
215	2.815	1.1163	3.2294
216	2.4807	1.0877	3.1422
217	2.8816	1.1387	3.3619
218	3.2837	1.3577	4.0343
219	3.293	1.2421	3.54
220	2.7192	1.1222	3.2136
221	3.4537	1.3748	4.0457
222	2.6717	1.1238	3.293
223	2.7765	1.1607	3.4537
224	2.9417	1.2721	3.7158
225	3.0696	1.2607	3.7158
226	2.9417	1.1018	2.8857
227	0.4575	0.6422	3.0108
228	3.2581	1.2625	3.4432
229	2.9135	1.1434	3.1563
230	2.8056	1.0821	2.9417
231	2.9417	1.1306	3.1237
232	4.5909	1.7414	4.8871
233	3.2581	1.2625	3.4828
234	3.9351	1.5459	4.2676
235	3.2581	1.2625	3.5233
236	3.3667	1.3174	3.7407
237	3.1237	1.1654	3.1563
238	2.3672	0.921	2.525
239	3.4828	1.371	3.8354
240	0.4575	0.6422	3.0108
241	3.1563	1.2418	3.4045
242	3.5238	1.5102	4.4848
243	2.9020	1.2333	3.6098
244	2.9600	1.2437	3.7000
245	2.7407	1.1840	3.5238
246	2.8544	1.1855	3.5000
247	3.7000	1.5102	4.4848
248	3.1957	1.3611	4.0833
249	0.4575	0.6422	3.0108
250	2.9600	1.1935	3.5238
251	3.3636	1.3455	4.0000
252	2.5694	1.0819	3.1897
253	3.4906	1.4567	4.3023
254	3.4259	1.4122	4.2045
255	2.6056	1.0632	3.1356
256	4.4048	1.7453	5.1389
257	3.2632	1.3099	3.7959
258	0.4575	0.6422	3.0108
259	3.0492	1.2318	3.5769
260	3.5769	1.4531	4.2273
261	3.1000	1.2653	3.7200
262	2.9524	1.1625	3.3818
263	3.2759	1.3380	3.8776
264	0.4575	0.6422	3.0108
265	3.3929	1.4074	4.1304
266	3.6538	1.5574	4.6341
267	3.2203	1.3103	3.8776
268	3.2203	1.2838	3.7255
269	3.4909	1.3333	3.8400
270	2.7826	1.1497	3.3103
271	2.8235	1.2308	3.6226
272	3.5555	1.4328	4.2667
273	0.4575	0.6422	3.0108
274	3.3103	1.3913	4.1739
275	2.7679	1.1232	3.2292
276	2.8182	1.1151	3.3696
277	3.1633	1.3025	3.0108
278	2.6724	1.0763	3.1632
279	3.0392	1.3025	3.7805
280	3.0784	1.3419	3.9250
281	3.0192	1.2266	3.6512
282	3.9623	1.2266	3.6512
283	3.0784	1.3305	3.8293
284	4.2432	1.6882	5.0465
285	3.8780	1.6392	4.9688
286	2.1587	0.9007	2.6667
287	2.8393	1.2231	4.6136
288	2.9444	1.2205	3.6136
289	2.2083	0.9298	2.6949
290	3.3125	1.3947	4.1842
291	4.0256	1.6882	5.0645
292	2.9787	1.2963	3.8889
293	3.0222	1.2252	3.5789
294	3.6053	1.4421	4.2813
295	2.9783	1.2925	3.8056
296	4.1515	1.6118	4.8928
297	2.9375	1.2051	3.5250
298	3.4390	1.5495	4.5484
299	3.0000	1.2703	3.7105
300	3.5000	1.5217	4.5161
301	0.4575	0.6422	3.0108
302	2.7800	1.7797	3.4750
303	2.9167	1.2613	3.7838
304	2.8571	1.2963	3.7838
305	3.3571	1.4842	4.4063
306	3.1087	1.3619	4.0857
307	2.6481	1.0671	3.1087
308	2.8600	1.2883	3.8649
309	0.4575	0.6422	3.0108
310	3.9722	1.7229	5.1071
311	3.1087	1.3364	3.9722
312	3.1556	1.3271	3.9444
313	4.0571	1.7317	5.0714
314	2.1667	0.9533	2.7500
315	4.0571	1.8442	5.4615
316	3.0870	1.2909	3.8378
317	3.9444	1.6706	5.0714
318	4.0571	1.7108	5.0714
319	2.7500	1.1917	3.5750
320	2.9184	1.3241	3.9722
321	3.2500	1.3000	3.9722
322	3.2500	1.3750	4.0857
323	3.1522	1.3426	4.0278
324	2.8431	1.1885	3.5366
325	2.7885	1.0902	3.1522
326	3.2222	1.3303	4.0278
327	3.5366	1.4646	4.2647
328	0.4575	0.6422	3.0108
329	3.0208	1.2719	3.8157
330	3.1522	1.3679	4.1429
331	3.5366	1.6292	4.8333
332	3.1190	1.3100	3.9697
333	2.7292	1.1391	3.4474
334	2.5618	1.5736	3.4030
335	2.1509	0.9194	2.6207
336	3.3924	1.2701	3.7222
337	NaN	NaN	NaN
338	2.8000	1.1565	3.3671
339	0.4575	0.6422	3.0108
340	0.4575	0.6422	3.0108
341	0.4575	0.6422	3.0108
342	0.4575	0.6422	3.0108
343	0.4575	0.6422	3.0108
344	0.4575	0.6422	3.0108
345	0.4575	0.6422	3.0108
346	0.4575	0.6422	3.0108
347	0.4575	0.6422	3.0108
348	0.4575	0.6422	3.0108
349	2.8555  1.1911  3.5460
350	3.1394  1.2909  3.7354
351	2.8069  1.1994  3.5041
352	2.7945  1.1646  3.4290
353	NaN	NaN	NaN
354	2.9776  1.2174  3.5391
355	3.2813  1.3836  4.0904
356	NaN	NaN	NaN
357	3.2186  1.4514  4.3790
358	2.7853  1.2170  3.5851
359	3.8911  1.5851  4.6719
